Wavelength (µm) Transit Depth (Rp^2/Rs^2)
0.602495 0.005767 0.005598 0.000135
0.606911 0.005767 0.005847 0.000131
0.611414 0.005766 0.005795 0.000130
0.616008 0.005766 0.005722 0.000133
0.620706 0.005764 0.005631 0.000139
0.625514 0.005764 0.005916 0.000140
0.630423 0.005763 0.005821 0.000133
0.635438 0.005763 0.005919 0.000124
0.640564 0.005762 0.005919 0.000116
0.645804 0.005761 0.005742 0.000108
0.651162 0.005760 0.005596 0.000103
0.656643 0.005760 0.005686 0.000099
0.662251 0.005759 0.005676 0.000096
0.667991 0.005758 0.005736 0.000096
0.673865 0.005757 0.005832 0.000097
0.679877 0.005757 0.005755 0.000095
0.686033 0.005755 0.005856 0.000092
0.692336 0.005755 0.005771 0.000088
0.698805 0.005754 0.005733 0.000081
0.705435 0.005753 0.005718 0.000076
0.712225 0.005753 0.005902 0.000072
0.719180 0.005753 0.005726 0.000069
0.726317 0.005752 0.005667 0.000062
0.733644 0.005750 0.005804 0.000056
0.741148 0.005749 0.005758 0.000052
0.748855 0.005748 0.005739 0.000049
0.756764 0.005747 0.005736 0.000048
0.764875 0.005746 0.005739 0.000048
0.773211 0.005744 0.005739 0.000047
0.781762 0.005747 0.005759 0.000045
0.790544 0.005745 0.005794 0.000043
0.799568 0.005743 0.005740 0.000041
0.808827 0.005742 0.005689 0.000039
0.818342 0.005743 0.005758 0.000038
0.828121 0.005741 0.005738 0.000037
0.838163 0.005739 0.005772 0.000037
0.848477 0.005738 0.005738 0.000037
0.859072 0.005736 0.005700 0.000036
0.869955 0.005746 0.005770 0.000035
0.881135 0.005734 0.005718 0.000034
0.892616 0.005734 0.005711 0.000034
0.904406 0.005738 0.005734 0.000033
0.916508 0.005737 0.005792 0.000032
0.928926 0.005737 0.005786 0.000031
0.941680 0.005743 0.005729 0.000031
0.954758 0.005739 0.005722 0.000030
0.968166 0.005734 0.005730 0.000030
0.981916 0.005731 0.005758 0.000029
0.995998 0.005726 0.005681 0.000029
1.010422 0.005725 0.005702 0.000028
1.025187 0.005723 0.005719 0.000027
1.040286 0.005755 0.005727 0.000027
1.055720 0.005755 0.005742 0.000026
1.071490 0.005736 0.005727 0.000025
1.087588 0.005725 0.005691 0.000024
1.104007 0.005727 0.005667 0.000024
1.120740 0.005751 0.005743 0.000023
1.137778 0.005748 0.005790 0.000023
1.155116 0.005736 0.005755 0.000022
1.172740 0.005725 0.005724 0.000022
1.190638 0.005730 0.005746 0.000022
1.208796 0.005787 0.005831 0.000021
1.227204 0.005781 0.005781 0.000021
1.245846 0.005731 0.005705 0.000021
1.264705 0.005740 0.005752 0.000020
1.283770 0.005737 0.005760 0.000020
1.303020 0.005734 0.005758 0.000020
1.322446 0.005772 0.005783 0.000020
1.342024 0.005782 0.005754 0.000020
1.361743 0.005775 0.005810 0.000020
1.381585 0.005774 0.005792 0.000020
1.401535 0.005767 0.005756 0.000020
1.421579 0.005768 0.005795 0.000020
1.441700 0.005837 0.005849 0.000021
1.461884 0.005752 0.005787 0.000021
1.482118 0.005793 0.005822 0.000021
1.502389 0.005759 0.005728 0.000021
1.522683 0.005756 0.005736 0.000021
1.542990 0.005797 0.005778 0.000021
1.563298 0.005778 0.005790 0.000021
1.583596 0.005814 0.005796 0.000020
1.603875 0.005837 0.005852 0.000021
1.624126 0.005789 0.005781 0.000021
1.644340 0.005808 0.005803 0.000021
1.664510 0.005774 0.005757 0.000021
1.684628 0.005741 0.005713 0.000021
1.704689 0.005718 0.005729 0.000021
1.724685 0.005717 0.005740 0.000021
1.744613 0.005720 0.005739 0.000022
1.764467 0.005727 0.005711 0.000022
1.784242 0.005728 0.005753 0.000023
1.803936 0.005742 0.005754 0.000023
1.823542 0.005762 0.005776 0.000023
1.843062 0.005778 0.005771 0.000024
1.862489 0.005782 0.005756 0.000024
1.881822 0.005818 0.005816 0.000025
1.901060 0.005786 0.005770 0.000025
1.920201 0.005767 0.005741 0.000025
1.939242 0.005812 0.005830 0.000026
1.958183 0.005871 0.005892 0.000026
1.977023 0.005845 0.005847 0.000027
1.995762 0.005860 0.005868 0.000027
2.014396 0.005880 0.005857 0.000027
2.032928 0.005855 0.005849 0.000027
2.051358 0.005871 0.005895 0.000027
2.069683 0.005858 0.005835 0.000027
2.087906 0.005839 0.005839 0.000027
2.106026 0.005824 0.005829 0.000027
2.124042 0.005797 0.005779 0.000028
2.141955 0.005794 0.005784 0.000028
2.159767 0.005806 0.005791 0.000028
2.177478 0.005774 0.005784 0.000028
2.195086 0.005746 0.005745 0.000029
2.212593 0.005740 0.005778 0.000029
2.230001 0.005730 0.005750 0.000029
2.247310 0.005728 0.005722 0.000029
2.264521 0.005726 0.005785 0.000029
2.281634 0.005714 0.005729 0.000030
2.298650 0.005709 0.005731 0.000030
2.315570 0.005709 0.005712 0.000030
2.332394 0.005711 0.005634 0.000031
2.349124 0.005715 0.005736 0.000031
2.365762 0.005715 0.005676 0.000031
2.382306 0.005718 0.005685 0.000032
2.398760 0.005720 0.005697 0.000032
2.415122 0.005723 0.005724 0.000032
2.431395 0.005725 0.005747 0.000033
2.447580 0.005729 0.005731 0.000034
2.463677 0.005733 0.005726 0.000035
2.479687 0.005749 0.005678 0.000036
2.495611 0.005768 0.005744 0.000037
2.511449 0.005757 0.005817 0.000037
2.527205 0.005761 0.005728 0.000038
2.542877 0.005769 0.005822 0.000038
2.558468 0.005781 0.005797 0.000038
2.573978 0.005792 0.005814 0.000038
2.589407 0.005803 0.005774 0.000038
2.604757 0.005811 0.005743 0.000038
2.620028 0.005811 0.005871 0.000038
2.635223 0.005801 0.005826 0.000038
2.650341 0.005810 0.005796 0.000039
2.665383 0.005863 0.005896 0.000039
2.680350 0.005920 0.005923 0.000039
2.695244 0.005920 0.005902 0.000040
2.710064 0.005906 0.005869 0.000040
2.724811 0.005894 0.005851 0.000040
2.739489 0.005896 0.005925 0.000040
2.754095 0.005914 0.005982 0.000040
2.768630 0.005918 0.005871 0.000041
2.783098 0.005913 0.005864 0.000042
2.797497 0.005900 0.005890 0.000043
2.811829 0.005886 0.005882 0.000045
2.826095 0.005879 0.005808 0.000045
2.840293 0.005876 0.005887 0.000045
2.854428 0.005870 0.005880 0.000045
2.868497 0.005858 0.005847 0.000045
2.882504 0.005838 0.005825 0.000046
2.896446 0.005811 0.005749 0.000046
2.910327 0.005789 0.005791 0.000046
2.924147 0.005774 0.005728 0.000046
2.937905 0.005766 0.005783 0.000046
2.951604 0.005780 0.005821 0.000047
2.965242 0.005802 0.005758 0.000047
2.978822 0.005817 0.005780 0.000048
2.992344 0.005811 0.005772 0.000048
3.005808 0.005804 0.005890 0.000050
3.019216 0.005806 0.005648 0.000050
3.032566 0.005795 0.005765 0.000050
3.045861 0.005782 0.005806 0.000050
3.059101 0.005774 0.005794 0.000050
3.072286 0.005764 0.005721 0.000050
3.085418 0.005757 0.005786 0.000050
3.098495 0.005768 0.005745 0.000050
3.111520 0.005780 0.005717 0.000051
3.124493 0.005794 0.005785 0.000052
3.137413 0.005785 0.005699 0.000052
3.150283 0.005782 0.005735 0.000053
3.163102 0.005788 0.005687 0.000053
3.175870 0.005783 0.005717 0.000053
3.188590 0.005774 0.005705 0.000053
3.201260 0.005767 0.005779 0.000053
3.213881 0.005760 0.005822 0.000053
3.226454 0.005753 0.005769 0.000053
3.238980 0.005749 0.005722 0.000053
3.251458 0.005745 0.005711 0.000053
3.263889 0.005744 0.005717 0.000053
3.276274 0.005743 0.005745 0.000053
3.288614 0.005742 0.005676 0.000054
3.300907 0.005741 0.005753 0.000054
3.313156 0.005739 0.005666 0.000054
3.325360 0.005738 0.005700 0.000054
3.337521 0.005736 0.005757 0.000054
3.349638 0.005737 0.005675 0.000054
3.361711 0.005739 0.005683 0.000054
3.373741 0.005730 0.005606 0.000055
3.385729 0.005721 0.005804 0.000055
3.397676 0.005719 0.005815 0.000055
3.409581 0.005718 0.005725 0.000056
3.421443 0.005716 0.005758 0.000056
3.433265 0.005714 0.005697 0.000057
3.445047 0.005714 0.005816 0.000057
3.456789 0.005714 0.005773 0.000058
3.468490 0.005713 0.005735 0.000058
3.480153 0.005712 0.005653 0.000057
3.491777 0.005711 0.005613 0.000057
3.503361 0.005712 0.005689 0.000058
3.514907 0.005714 0.005711 0.000058
3.526415 0.005719 0.005700 0.000058
3.537885 0.005728 0.005776 0.000059
3.549318 0.005737 0.005788 0.000059
3.560715 0.005751 0.005760 0.000060
3.572074 0.005764 0.005797 0.000060
3.583397 0.005774 0.005696 0.000060
3.594684 0.005783 0.005716 0.000060
3.605935 0.005786 0.005723 0.000060
3.617150 0.005789 0.005814 0.000060
3.628331 0.005790 0.005823 0.000061
3.639477 0.005791 0.005831 0.000061
3.650587 0.005778 0.005947 0.000061
3.661664 0.005760 0.005756 0.000061
3.672707 0.005746 0.005764 0.000061
3.683716 0.005735 0.005840 0.000062
3.694691 0.005728 0.005688 0.000062
3.705633 0.005729 0.005781 0.000062
3.716542 0.005730 0.005654 0.000063
3.727419 0.005735 0.005773 0.000063
3.738263 0.005740 0.005780 0.000063
3.749075 0.005754 0.005697 0.000064
3.759856 0.005771 0.005852 0.000064
3.770604 0.005785 0.005760 0.000065
3.781321 0.005795 0.005776 0.000065
3.792008 0.005805 0.005825 0.000066
3.802663 0.005811 0.005729 0.000066
3.813288 0.005817 0.005870 0.000066
3.823882 0.005818 0.005869 0.000066
3.834446 0.005816 0.005882 0.000066
3.844980 0.005812 0.005799 0.000067
3.855485 0.005801 0.005927 0.000067
3.865960 0.005790 0.005732 0.000068
3.876406 0.005775 0.005716 0.000068
3.886822 0.005760 0.005750 0.000068
3.897210 0.005750 0.005683 0.000069
3.907569 0.005749 0.005738 0.000069
3.917900 0.005748 0.005724 0.000069
3.928203 0.005758 0.005733 0.000070
3.938478 0.005771 0.005699 0.000070
3.948726 0.005782 0.005726 0.000071
3.958945 0.005794 0.005732 0.000071
3.969136 0.005805 0.005784 0.000071
3.979301 0.005807 0.005720 0.000072
3.989439 0.005806 0.005769 0.000073
3.999550 0.005805 0.005818 0.000073
4.009635 0.005806 0.005820 0.000074
4.019694 0.005807 0.005850 0.000074
4.029725 0.005802 0.005767 0.000074
4.039731 0.005789 0.005754 0.000074
4.049711 0.005777 0.005719 0.000075
4.059665 0.005776 0.005897 0.000075
4.069595 0.005778 0.005832 0.000076
4.079498 0.005780 0.005644 0.000076
4.089376 0.005781 0.005675 0.000077
4.099230 0.005781 0.005775 0.000077
4.109059 0.005782 0.005829 0.000077
4.118863 0.005784 0.005807 0.000078
4.128642 0.005785 0.005786 0.000078
4.138398 0.005794 0.005862 0.000078
4.148129 0.005811 0.005967 0.000079
4.157836 0.005828 0.005895 0.000079
4.167520 0.005847 0.005913 0.000079
4.177179 0.005867 0.005974 0.000079
4.186816 0.005887 0.005749 0.000079
4.196429 0.005904 0.006005 0.000080
4.206018 0.005920 0.005820 0.000080
4.215585 0.005936 0.005927 0.000081
4.225129 0.005943 0.005956 0.000081
4.234651 0.005949 0.005971 0.000081
4.244149 0.005954 0.005914 0.000082
4.253624 0.005956 0.005864 0.000082
4.263079 0.005956 0.005926 0.000083
4.272510 0.005957 0.005950 0.000083
4.281919 0.005953 0.005924 0.000084
4.291307 0.005949 0.006017 0.000085
4.300673 0.005944 0.005849 0.000086
4.310017 0.005940 0.005885 0.000087
4.319340 0.005936 0.005949 0.000087
4.328642 0.005931 0.005942 0.000088
4.337922 0.005930 0.006032 0.000089
4.347181 0.005929 0.005982 0.000090
4.356420 0.005929 0.005984 0.000090
4.365637 0.005928 0.005660 0.000091
4.374833 0.005927 0.005898 0.000091
4.384009 0.005926 0.006012 0.000092
4.393165 0.005925 0.005762 0.000092
4.402300 0.005923 0.005887 0.000092
4.411415 0.005922 0.005937 0.000093
4.420510 0.005920 0.006171 0.000093
4.429585 0.005915 0.006178 0.000094
4.438641 0.005910 0.005969 0.000094
4.447676 0.005905 0.005964 0.000095
4.456692 0.005897 0.005961 0.000096
4.465689 0.005890 0.005948 0.000096
4.474665 0.005883 0.005803 0.000097
4.483623 0.005873 0.005619 0.000098
4.492562 0.005861 0.005906 0.000098
4.501481 0.005848 0.005809 0.000098
4.510382 0.005836 0.005782 0.000099
4.519263 0.005823 0.005908 0.000100
4.528126 0.005809 0.005909 0.000102
4.536971 0.005796 0.005788 0.000103
4.545796 0.005788 0.005611 0.000104
4.554604 0.005781 0.005871 0.000105
4.563393 0.005773 0.005677 0.000106
4.572163 0.005769 0.005922 0.000107
4.580917 0.005767 0.005784 0.000108
4.589651 0.005766 0.005612 0.000109
4.598368 0.005765 0.005812 0.000111
4.607067 0.005770 0.005505 0.000111
4.615748 0.005776 0.005873 0.000111
4.624412 0.005782 0.005905 0.000112
4.633058 0.005786 0.005724 0.000112
4.641687 0.005786 0.005819 0.000112
4.650298 0.005785 0.005759 0.000112
4.658893 0.005785 0.005852 0.000112
4.667469 0.005791 0.005774 0.000112
4.676029 0.005798 0.005762 0.000111
4.684573 0.005806 0.005924 0.000111
4.693099 0.005813 0.005673 0.000111
4.701609 0.005817 0.005604 0.000111
4.710101 0.005820 0.005772 0.000111
4.718578 0.005823 0.005741 0.000111
4.727036 0.005826 0.005907 0.000111
4.735480 0.005827 0.005966 0.000111
4.743906 0.005828 0.005706 0.000112
4.752317 0.005830 0.005989 0.000113
4.760711 0.005833 0.005899 0.000114
4.769089 0.005837 0.005837 0.000116
4.777451 0.005840 0.005850 0.000117
4.785798 0.005844 0.005902 0.000118
4.794128 0.005850 0.005841 0.000119
4.802443 0.005856 0.005907 0.000121
4.810742 0.005861 0.005831 0.000122
4.819026 0.005867 0.005902 0.000123
4.827293 0.005866 0.005573 0.000123
4.835546 0.005866 0.005822 0.000122
4.843783 0.005865 0.005824 0.000122
4.852005 0.005865 0.005861 0.000122
4.860211 0.005862 0.005820 0.000122
4.868403 0.005859 0.005867 0.000122
4.876579 0.005856 0.005706 0.000123
4.884741 0.005854 0.006025 0.000123
4.892887 0.005852 0.005801 0.000124
4.901019 0.005849 0.005802 0.000124
4.909135 0.005847 0.005882 0.000125
4.917238 0.005845 0.005904 0.000125
4.925324 0.005841 0.005821 0.000126
4.933398 0.005837 0.005883 0.000126
4.941456 0.005833 0.005964 0.000127
4.949501 0.005829 0.005837 0.000127
4.957529 0.005824 0.005813 0.000149
4.965545 0.005819 0.005586 0.000188
4.973546 0.005814 0.005510 0.000283
4.981533 0.005810 0.004962 0.001651
4.989506 0.005809 -0.293088 0.239283
4.997465 0.005809 -850.879738 507.619309
5.005409 0.005809 -221.288036 697.925154
5.013340 0.005809 756.560946 767.155903
5.021258 0.005809 -727.451193 1032.863062
5.029161 0.005809 -3662.987408 1711.636826
5.037051 0.005809 -2746.561397 2248.765126
5.044926 0.005809 4139.538685 2825.800229
5.052789 0.005809 19982.943534 24653.064072
5.122949 0.005809 39398.523196 14261.706000
5.130680 0.005809 -6890.559664 3708.593974
5.138397 0.005809 -2054.015006 2739.118774
5.146101 0.005809 62.587308 2227.085706
5.153793 0.005809 0.485146 1425.303237
5.161471 0.005809 1407.472835 906.080674
5.169137 0.005809 554.450546 754.734856
5.176790 0.005809 -1133.435006 732.430917
5.184431 0.005809 1133.703491 710.742537
5.192060 0.005809 -832.735147 607.808879
5.199675 0.005809 -50.964319 553.839314
5.207279 0.005809 438.430251 501.527564
5.214869 0.005809 -594.395728 452.096711
5.222448 0.005809 -650.395457 409.265071
5.230015 0.005809 335.422855 374.226330
5.237568 0.005809 9.940553 354.020281
5.245111 0.005809 -443.678918 313.954192
5.252641 0.005809 -181.502451 279.207449
5.260158 0.005809 -70.694299 289.709017
5.267664 0.005809 -245.649474 323.036301
5.275158 0.005809 7.895862 316.412292
5.282640 0.005809 -228.558135 283.597860
5.290111 0.005809 110.442257 249.107463
5.297569 0.005809 233.702058 250.714617
