Wavelength (µm) Transit Depth (Rp^2/Rs^2)
0.602495 0.005725 0.005550 0.000135
0.606911 0.005725 0.005858 0.000131
0.611414 0.005725 0.005757 0.000130
0.616008 0.005725 0.005673 0.000133
0.620706 0.005725 0.005571 0.000139
0.625514 0.005725 0.005741 0.000140
0.630423 0.005725 0.005815 0.000133
0.635438 0.005725 0.005760 0.000124
0.640564 0.005725 0.005836 0.000116
0.645804 0.005724 0.005637 0.000108
0.651162 0.005724 0.005592 0.000103
0.656643 0.005724 0.005684 0.000099
0.662251 0.005724 0.005736 0.000096
0.667991 0.005724 0.005770 0.000096
0.673865 0.005724 0.005606 0.000097
0.679877 0.005724 0.005810 0.000095
0.686033 0.005723 0.005920 0.000092
0.692336 0.005723 0.005614 0.000088
0.698805 0.005723 0.005699 0.000081
0.705435 0.005723 0.005743 0.000076
0.712225 0.005723 0.005698 0.000073
0.719180 0.005723 0.005722 0.000069
0.726317 0.005723 0.005736 0.000062
0.733644 0.005722 0.005662 0.000056
0.741148 0.005722 0.005667 0.000052
0.748855 0.005722 0.005668 0.000049
0.756764 0.005722 0.005654 0.000048
0.764875 0.005722 0.005688 0.000048
0.773211 0.005721 0.005734 0.000047
0.781762 0.005722 0.005721 0.000045
0.790544 0.005721 0.005718 0.000043
0.799568 0.005721 0.005773 0.000041
0.808827 0.005721 0.005758 0.000039
0.818342 0.005721 0.005756 0.000038
0.828121 0.005720 0.005656 0.000037
0.838163 0.005720 0.005732 0.000037
0.848477 0.005720 0.005654 0.000037
0.859072 0.005720 0.005730 0.000036
0.869955 0.005721 0.005686 0.000035
0.881135 0.005719 0.005658 0.000034
0.892616 0.005719 0.005701 0.000034
0.904406 0.005719 0.005740 0.000033
0.916508 0.005719 0.005732 0.000032
0.928926 0.005719 0.005716 0.000031
0.941680 0.005719 0.005725 0.000031
0.954758 0.005718 0.005670 0.000030
0.968166 0.005718 0.005734 0.000030
0.981916 0.005718 0.005730 0.000029
0.995998 0.005717 0.005739 0.000029
1.010422 0.005717 0.005648 0.000028
1.025187 0.005717 0.005740 0.000027
1.040286 0.005721 0.005739 0.000027
1.055720 0.005721 0.005694 0.000026
1.071490 0.005719 0.005702 0.000025
1.087588 0.005716 0.005732 0.000024
1.104007 0.005716 0.005729 0.000024
1.120740 0.005719 0.005742 0.000023
1.137778 0.005718 0.005746 0.000023
1.155116 0.005717 0.005743 0.000022
1.172740 0.005715 0.005700 0.000022
1.190638 0.005715 0.005673 0.000022
1.208796 0.005726 0.005728 0.000021
1.227204 0.005726 0.005749 0.000021
1.245846 0.005717 0.005732 0.000021
1.264705 0.005719 0.005726 0.000020
1.283770 0.005718 0.005694 0.000020
1.303020 0.005716 0.005705 0.000020
1.322446 0.005724 0.005711 0.000020
1.342024 0.005725 0.005711 0.000020
1.361743 0.005720 0.005746 0.000020
1.381585 0.005720 0.005733 0.000020
1.401535 0.005718 0.005708 0.000020
1.421579 0.005718 0.005734 0.000020
1.441700 0.005735 0.005721 0.000021
1.461884 0.005718 0.005709 0.000021
1.482118 0.005727 0.005759 0.000021
1.502389 0.005721 0.005744 0.000021
1.522683 0.005720 0.005674 0.000021
1.542990 0.005727 0.005709 0.000021
1.563298 0.005725 0.005696 0.000021
1.583596 0.005731 0.005735 0.000020
1.603875 0.005735 0.005712 0.000021
1.624126 0.005727 0.005732 0.000021
1.644340 0.005729 0.005715 0.000021
1.664510 0.005724 0.005736 0.000021
1.684628 0.005718 0.005677 0.000021
1.704689 0.005713 0.005713 0.000021
1.724685 0.005712 0.005709 0.000021
1.744613 0.005711 0.005689 0.000022
1.764467 0.005715 0.005660 0.000022
1.784242 0.005714 0.005704 0.000023
1.803936 0.005716 0.005739 0.000023
1.823542 0.005717 0.005714 0.000023
1.843062 0.005720 0.005720 0.000024
1.862489 0.005721 0.005711 0.000024
1.881822 0.005731 0.005685 0.000025
1.901060 0.005725 0.005721 0.000025
1.920201 0.005720 0.005687 0.000025
1.939242 0.005730 0.005732 0.000026
1.958183 0.005741 0.005716 0.000026
1.977023 0.005737 0.005737 0.000027
1.995762 0.005739 0.005692 0.000027
2.014396 0.005742 0.005740 0.000027
2.032928 0.005739 0.005731 0.000027
2.051358 0.005741 0.005744 0.000027
2.069683 0.005738 0.005744 0.000027
2.087906 0.005735 0.005706 0.000027
2.106026 0.005733 0.005780 0.000027
2.124042 0.005729 0.005706 0.000028
2.141955 0.005728 0.005673 0.000028
2.159767 0.005729 0.005716 0.000028
2.177478 0.005725 0.005747 0.000028
2.195086 0.005719 0.005696 0.000029
2.212593 0.005718 0.005746 0.000029
2.230001 0.005717 0.005701 0.000029
2.247310 0.005716 0.005751 0.000029
2.264521 0.005716 0.005751 0.000029
2.281634 0.005713 0.005763 0.000030
2.298650 0.005709 0.005705 0.000030
2.315570 0.005708 0.005694 0.000030
2.332394 0.005707 0.005739 0.000031
2.349124 0.005709 0.005694 0.000031
2.365762 0.005709 0.005736 0.000031
2.382306 0.005710 0.005710 0.000032
2.398760 0.005710 0.005659 0.000032
2.415122 0.005711 0.005726 0.000032
2.431395 0.005711 0.005730 0.000033
2.447580 0.005712 0.005704 0.000034
2.463677 0.005713 0.005696 0.000035
2.479687 0.005718 0.005709 0.000036
2.495611 0.005722 0.005765 0.000037
2.511449 0.005720 0.005733 0.000037
2.527205 0.005719 0.005620 0.000038
2.542877 0.005719 0.005701 0.000038
2.558468 0.005721 0.005739 0.000038
2.573978 0.005723 0.005751 0.000038
2.589407 0.005725 0.005689 0.000038
2.604757 0.005726 0.005742 0.000038
2.620028 0.005727 0.005817 0.000038
2.635223 0.005726 0.005655 0.000038
2.650341 0.005728 0.005726 0.000039
2.665383 0.005739 0.005792 0.000039
2.680350 0.005749 0.005787 0.000039
2.695244 0.005748 0.005815 0.000040
2.710064 0.005746 0.005690 0.000040
2.724811 0.005745 0.005688 0.000040
2.739489 0.005745 0.005748 0.000040
2.754095 0.005748 0.005780 0.000040
2.768630 0.005748 0.005704 0.000041
2.783098 0.005747 0.005696 0.000042
2.797497 0.005746 0.005687 0.000043
2.811829 0.005744 0.005806 0.000045
2.826095 0.005742 0.005782 0.000045
2.840293 0.005741 0.005783 0.000045
2.854428 0.005741 0.005765 0.000045
2.868497 0.005739 0.005777 0.000045
2.882504 0.005735 0.005742 0.000046
2.896446 0.005731 0.005708 0.000046
2.910327 0.005728 0.005669 0.000046
2.924147 0.005725 0.005724 0.000046
2.937905 0.005723 0.005744 0.000046
2.951604 0.005725 0.005782 0.000047
2.965242 0.005729 0.005768 0.000047
2.978822 0.005731 0.005761 0.000048
2.992344 0.005730 0.005763 0.000048
3.005808 0.005729 0.005714 0.000050
3.019216 0.005730 0.005684 0.000050
3.032566 0.005728 0.005710 0.000050
3.045861 0.005725 0.005700 0.000050
3.059101 0.005724 0.005684 0.000050
3.072286 0.005721 0.005705 0.000050
3.085418 0.005719 0.005553 0.000050
3.098495 0.005721 0.005754 0.000050
3.111520 0.005724 0.005728 0.000051
3.124493 0.005726 0.005772 0.000052
3.137413 0.005725 0.005680 0.000052
3.150283 0.005724 0.005791 0.000053
3.163102 0.005726 0.005669 0.000053
3.175870 0.005726 0.005827 0.000053
3.188590 0.005725 0.005810 0.000053
3.201260 0.005722 0.005678 0.000053
3.213881 0.005720 0.005756 0.000053
3.226454 0.005719 0.005769 0.000053
3.238980 0.005717 0.005644 0.000053
3.251458 0.005715 0.005715 0.000053
3.263889 0.005714 0.005670 0.000053
3.276274 0.005714 0.005687 0.000053
3.288614 0.005714 0.005703 0.000054
3.300907 0.005714 0.005645 0.000054
3.313156 0.005714 0.005678 0.000054
3.325360 0.005715 0.005744 0.000054
3.337521 0.005717 0.005699 0.000054
3.349638 0.005717 0.005808 0.000054
3.361711 0.005718 0.005706 0.000054
3.373741 0.005715 0.005681 0.000055
3.385729 0.005712 0.005603 0.000055
3.397676 0.005711 0.005655 0.000055
3.409581 0.005710 0.005694 0.000056
3.421443 0.005709 0.005722 0.000056
3.433265 0.005709 0.005828 0.000057
3.445047 0.005709 0.005748 0.000057
3.456789 0.005709 0.005745 0.000058
3.468490 0.005708 0.005676 0.000058
3.480153 0.005708 0.005735 0.000057
3.491777 0.005709 0.005697 0.000057
3.503361 0.005710 0.005733 0.000058
3.514907 0.005712 0.005696 0.000058
3.526415 0.005714 0.005802 0.000058
3.537885 0.005717 0.005746 0.000059
3.549318 0.005720 0.005751 0.000059
3.560715 0.005722 0.005761 0.000060
3.572074 0.005724 0.005662 0.000060
3.583397 0.005725 0.005832 0.000060
3.594684 0.005726 0.005706 0.000060
3.605935 0.005726 0.005788 0.000060
3.617150 0.005726 0.005738 0.000060
3.628331 0.005726 0.005580 0.000061
3.639477 0.005726 0.005726 0.000061
3.650587 0.005724 0.005772 0.000061
3.661664 0.005722 0.005827 0.000061
3.672707 0.005720 0.005752 0.000061
3.683716 0.005718 0.005666 0.000062
3.694691 0.005717 0.005740 0.000062
3.705633 0.005717 0.005800 0.000062
3.716542 0.005717 0.005686 0.000063
3.727419 0.005718 0.005693 0.000063
3.738263 0.005719 0.005673 0.000063
3.749075 0.005721 0.005712 0.000064
3.759856 0.005724 0.005789 0.000064
3.770604 0.005726 0.005733 0.000065
3.781321 0.005727 0.005888 0.000065
3.792008 0.005729 0.005713 0.000066
3.802663 0.005730 0.005656 0.000066
3.813288 0.005732 0.005855 0.000066
3.823882 0.005732 0.005805 0.000066
3.834446 0.005731 0.005664 0.000066
3.844980 0.005730 0.005757 0.000067
3.855485 0.005729 0.005631 0.000067
3.865960 0.005727 0.005776 0.000068
3.876406 0.005725 0.005715 0.000068
3.886822 0.005722 0.005804 0.000068
3.897210 0.005720 0.005811 0.000069
3.907569 0.005719 0.005662 0.000069
3.917900 0.005719 0.005755 0.000069
3.928203 0.005721 0.005705 0.000070
3.938478 0.005723 0.005649 0.000070
3.948726 0.005725 0.005715 0.000071
3.958945 0.005727 0.005651 0.000071
3.969136 0.005729 0.005734 0.000071
3.979301 0.005729 0.005664 0.000072
3.989439 0.005729 0.005746 0.000073
3.999550 0.005729 0.005753 0.000073
4.009635 0.005729 0.005787 0.000074
4.019694 0.005730 0.005735 0.000074
4.029725 0.005729 0.005756 0.000074
4.039731 0.005727 0.005665 0.000074
4.049711 0.005725 0.005762 0.000075
4.059665 0.005725 0.005846 0.000075
4.069595 0.005725 0.005676 0.000076
4.079498 0.005726 0.005737 0.000076
4.089376 0.005726 0.005767 0.000077
4.099230 0.005725 0.005628 0.000077
4.109059 0.005725 0.005874 0.000077
4.118863 0.005725 0.005728 0.000078
4.128642 0.005726 0.005848 0.000078
4.138398 0.005727 0.005705 0.000078
4.148129 0.005730 0.005806 0.000079
4.157836 0.005733 0.005721 0.000079
4.167520 0.005736 0.005568 0.000079
4.177179 0.005740 0.005549 0.000079
4.186816 0.005743 0.005893 0.000079
4.196429 0.005746 0.005776 0.000080
4.206018 0.005749 0.005779 0.000080
4.215585 0.005752 0.005853 0.000081
4.225129 0.005754 0.005794 0.000081
4.234651 0.005755 0.005733 0.000081
4.244149 0.005756 0.005793 0.000082
4.253624 0.005756 0.005666 0.000082
4.263079 0.005756 0.005744 0.000083
4.272510 0.005756 0.005687 0.000083
4.281919 0.005755 0.005844 0.000084
4.291307 0.005754 0.005629 0.000085
4.300673 0.005753 0.005652 0.000086
4.310017 0.005752 0.005852 0.000087
4.319340 0.005752 0.005666 0.000087
4.328642 0.005751 0.005673 0.000088
4.337922 0.005751 0.005716 0.000089
4.347181 0.005751 0.005813 0.000090
4.356420 0.005751 0.005727 0.000090
4.365637 0.005751 0.005755 0.000091
4.374833 0.005751 0.005876 0.000091
4.384009 0.005750 0.005745 0.000092
4.393165 0.005750 0.005771 0.000092
4.402300 0.005750 0.005864 0.000092
4.411415 0.005749 0.005634 0.000093
4.420510 0.005749 0.005621 0.000093
4.429585 0.005748 0.005780 0.000094
4.438641 0.005748 0.005878 0.000094
4.447676 0.005747 0.005771 0.000095
4.456692 0.005746 0.005907 0.000096
4.465689 0.005745 0.005875 0.000096
4.474665 0.005743 0.005684 0.000097
4.483623 0.005742 0.005835 0.000098
4.492562 0.005740 0.005767 0.000098
4.501481 0.005738 0.005646 0.000098
4.510382 0.005736 0.005728 0.000099
4.519263 0.005733 0.005769 0.000100
4.528126 0.005731 0.005542 0.000102
4.536971 0.005729 0.005814 0.000103
4.545796 0.005728 0.005884 0.000104
4.554604 0.005726 0.005887 0.000105
4.563393 0.005725 0.005660 0.000106
4.572163 0.005724 0.005777 0.000107
4.580917 0.005724 0.005712 0.000108
4.589651 0.005723 0.005893 0.000109
4.598368 0.005723 0.005734 0.000111
4.607067 0.005724 0.005669 0.000111
4.615748 0.005725 0.005504 0.000111
4.624412 0.005726 0.005679 0.000112
4.633058 0.005727 0.005631 0.000112
4.641687 0.005727 0.005743 0.000112
4.650298 0.005727 0.005626 0.000112
4.658893 0.005727 0.005670 0.000112
4.667469 0.005728 0.005708 0.000112
4.676029 0.005729 0.005750 0.000111
4.684573 0.005730 0.005674 0.000111
4.693099 0.005731 0.005971 0.000111
4.701609 0.005732 0.005710 0.000111
4.710101 0.005732 0.005831 0.000111
4.718578 0.005733 0.005633 0.000111
4.727036 0.005733 0.005543 0.000111
4.735480 0.005733 0.005570 0.000111
4.743906 0.005734 0.005801 0.000112
4.752317 0.005734 0.005832 0.000113
4.760711 0.005734 0.005820 0.000114
4.769089 0.005735 0.005854 0.000116
4.777451 0.005735 0.005872 0.000117
4.785798 0.005736 0.005530 0.000118
4.794128 0.005737 0.005926 0.000119
4.802443 0.005738 0.005702 0.000121
4.810742 0.005739 0.005800 0.000122
4.819026 0.005740 0.005895 0.000123
4.827293 0.005740 0.005671 0.000123
4.835546 0.005740 0.005722 0.000122
4.843783 0.005740 0.005522 0.000122
4.852005 0.005740 0.005768 0.000122
4.860211 0.005739 0.005752 0.000122
4.868403 0.005739 0.005860 0.000122
4.876579 0.005738 0.005780 0.000123
4.884741 0.005738 0.005776 0.000123
4.892887 0.005738 0.005856 0.000124
4.901019 0.005737 0.005887 0.000124
4.909135 0.005737 0.005959 0.000125
4.917238 0.005737 0.005719 0.000125
4.925324 0.005736 0.006143 0.000126
4.933398 0.005735 0.005690 0.000126
4.941456 0.005734 0.005585 0.000127
4.949501 0.005733 0.006013 0.000127
4.957529 0.005732 0.005877 0.000149
4.965545 0.005732 0.005866 0.000188
4.973546 0.005731 0.005628 0.000283
4.981533 0.005730 0.008155 0.001651
4.989506 0.005730 0.006199 0.239288
4.997465 0.005730 18.036129 507.629677
5.005409 0.005730 -2011.081516 697.939409
5.013340 0.005730 -1040.581656 767.171572
5.021258 0.005730 431.290778 1032.884157
5.029161 0.005730 -3172.712891 1711.671784
5.037051 0.005730 3289.772666 2248.811054
5.044926 0.005730 -238.726125 2825.857943
5.052789 0.005730 6225.262673 24653.567584
5.122949 0.005730 -9571.639768 14261.997280
5.130680 0.005730 -1113.780369 3708.669719
5.138397 0.005730 633.720533 2739.174718
5.146101 0.005730 -1239.877071 2227.131192
5.153793 0.005730 -23.292016 1425.332347
5.161471 0.005730 417.142619 906.099180
5.169137 0.005730 990.064588 754.750271
5.176790 0.005730 -849.709129 732.445876
5.184431 0.005730 603.385231 710.757053
5.192060 0.005730 -105.457916 607.821293
5.199675 0.005730 -461.142091 553.850625
5.207279 0.005730 -234.578420 501.537807
5.214869 0.005730 277.819553 452.105944
5.222448 0.005730 -74.520312 409.273430
5.230015 0.005730 -115.202077 374.233973
5.237568 0.005730 338.054827 354.027511
5.245111 0.005730 -137.109058 313.960604
5.252641 0.005730 399.136082 279.213151
5.260158 0.005730 -29.102138 289.714934
5.267664 0.005730 85.942421 323.042898
5.275158 0.005730 -174.658614 316.418754
5.282640 0.005730 120.249859 283.603653
5.290111 0.005730 145.196483 249.112550
5.297569 0.005730 -45.929587 250.719737
